14 10 3 1
14 13 3 1
7 3 3 1
31 6 3 1
42 6 3 1
17 7 1 1
7 12 2 1
23 1 2 1
19 4 2 1
40 3 3 1
20 7 3 1
22 6 3 1
21 6 3 1
8 5 3 1
23 7 2 1
11 11 1 1
33 3 3 1
11 5 3 1
38 1 3 1
12 6 3 1
15 11 1 1
14 1 3 1
13 7 3 1
27 3 1 1
15 4 3 1
39 11 1 1
5 3 2 1
26 12 3 1
3 2 3 1
2 6 3 1
5 11 1 1
4 5 1 1
27 5 1 1
38 3 3 1
18 4 3 1
7 5 3 1
19 13 1 1
24 4 2 1
32 3 3 1
31 7 3 1
8 12 1 1
22 12 2 1
33 4 3 1
32 12 1 1
36 5 3 1
34 3 2 1
36 2 3 1
38 5 3 1
37 3 3 1
15 13 3 1
13 13 2 1
31 11 3 1
25 5 1 1
7 11 3 1
3 11 1 1
2 1 3 1
26 2 3 1
4 12 1 1
28 1 3 1
2 12 3 1
5 1 3 1
29 4 1 1
27 2 1 1
16 7 3 1
31 1 3 1
1 11 3 1
42 11 1 1
41 1 2 1
19 7 2 1
18 5 2 1
17 11 1 1
24 3 3 1
32 2 3 1
40 1 3 1
22 7 2 1
21 5 3 1
8 6 3 1
23 6 3 1
37 12 1 1
9 7 1 1
33 2 3 1
23 2 3 1
11 4 3 1
35 3 3 1
12 7 3 1
36 4 3 1
43 2 3 1
42 12 1 1
13 6 3 1
15 7 3 1
6 7 3 1
26 13 1 1
14 6 2 1
4 11 3 1
3 5 1 1
2 7 3 1
16 13 1 1
4 6 1 1
28 11 1 1
6 1 2 1
30 2 3 1
27 6 1 1
2 4 3 1
7 4 3 1
43 1 2 1
19 12 1 1
42 1 2 1
6 13 3 1
24 7 1 1
19 1 3 1
18 11 1 1
18 7 0 1
18 9 3 1
16 3 3 1
24 2 3 1
32 1 3 1
8 13 1 1
22 13 2 1
9 8 3 1
32 13 3 1
37 13 1 1
28 4 2 1
36 3 3 1
37 2 3 1
15 12 2 1
39 3 3 1
13 12 2 1
25 3 3 1
25 4 1 1
40 12 1 1
26 3 3 1
43 4 3 1
41 12 1 1
4 13 1 1
28 2 3 1
38 2 3 1
30 5 3 1
29 3 1 1
40 5 3 1
16 9 3 1
17 5 3 1
16 11 1 1
19 6 1 1
18 2 2 1
42 7 1 1
42 9 3 1
7 13 1 1
6 11 1 1
7 7 3 1
22 4 3 1
21 4 3 1
8 7 1 1
32 4 3 1
22 11 2 1
9 6 3 1
33 1 3 1
11 7 3 1
35 2 2 1
34 6 2 1
37 11 1 1
11 8 3 1
14 7 2 1
13 5 2 1
1 1 3 1
15 6 3 1
39 5 3 1
1 7 3 1
25 2 2 1
3 4 2 1
40 11 1 1
4 7 1 1
5 7 3 1
6 6 3 1
5 6 3 1
43 3 3 1
16 2 3 1
17 3 3 1
41 2 3 1
40 2 3 1
16 1 2 1
30 3 3 1
22 2 3 1
8 1 3 1
23 11 3 1
35 11 1 1
34 1 2 1
11 1 3 1
24 1 3 1
37 1 2 1
39 2 3 1
13 11 1 1
25 11 2 1
1 13 2 1
28 3 3 1
29 2 3 1
6 12 2 1
29 11 1 1
17 4 2 1
16 12 1 1
18 3 3 1
42 4 2 1
43 5 3 1
20 2 3 1
22 5 3 1
21 3 3 1
41 11 3 1
32 5 3 1
22 8 2 1
9 5 3 1
23 13 1 1
11 6 3 1
35 5 3 1
34 7 3 1
12 1 3 1
36 6 3 1
14 4 3 1
13 4 3 1
37 7 3 1
25 12 2 1
15 1 3 1
39 4 3 1
26 10 2 1
25 1 2 1
3 7 1 1
2 5 3 1
26 6 1 1
28 5 3 1
31 12 2 1
40 13 3 1
5 5 2 1
7 6 3 1
31 5 3 1
17 2 1 1
36 12 2 1
20 9 3 1
19 3 3 1
21 12 1 1
20 4 3 1
22 3 3 1
8 2 3 1
43 13 2 1
9 3 3 1
36 13 3 1
12 11 1 1
24 11 2 1
14 2 3 1
6 9 3 1
26 1 3 1
1 12 3 1
3 1 2 1
2 11 3 1
1 6 3 1
30 11 1 1
29 1 2 1
31 13 2 1
31 2 3 1
41 6 2 1
38 8 2 1
43 7 3 1
42 5 3 1
20 3 3 1
21 2 3 1
32 6 1 1
9 4 1 1
33 7 3 1
23 12 2 1
35 4 2 1
34 4 1 1
12 2 3 1
36 7 1 1
14 5 3 1
13 3 3 1
37 6 3 1
24 5 3 1
39 7 2 1
1 5 3 1
43 6 3 1
3 6 2 1
2 2 3 1
26 9 3 1
4 1 1 1
28 6 3 1
6 4 3 1
5 4 3 1
29 7 1 1
40 7 1 1
16 4 3 1
31 4 2 1
17 1 1 1
19 2 3 1
18 6 3 1
21 11 1 1
20 5 3 1
9 13 2 1
8 3 2 1
23 5 3 1
9 2 3 1
33 13 3 1
11 3 3 1
14 12 3 1
12 4 3 1
14 3 3 1
1 3 3 1
41 3 3 1
6 2 3 1
29 13 3 1
31 3 3 1
41 5 3 1
19 11 1 1
18 1 3 1
42 2 3 1
27 1 2 1
20 12 2 1
43 11 1 1
21 1 2 1
32 7 3 1
9 11 1 1
33 6 3 1
41 7 2 1
30 1 2 1
35 7 3 1
34 5 2 1
33 11 3 1
12 3 3 1
13 2 3 1
37 5 2 1
38 4 3 1
15 3 3 1
39 6 3 1
1 4 3 1
25 7 1 1
2 3 3 1
26 4 2 1
4 2 1 1
28 7 3 1
6 5 3 1
30 6 3 1
29 6 1 1
16 5 1 1
6 8 3 1
36 1 2 1
23 3 3 1
42 13 1 1
16 8 3 1
20 11 1 1
19 5 3 1
18 7 3 1
20 6 3 1
22 1 2 1
21 7 2 1
9 12 2 1
8 4 1 1
23 4 2 1
35 12 2 1
9 1 3 1
33 12 3 1
11 2 3 1
35 1 2 1
34 11 1 1
14 13 2 1
12 5 3 1
13 8 2 1
30 4 3 1
38 7 2 1
25 8 3 1
15 5 3 1
1 2 3 1
27 11 1 1
3 3 2 1
4 4 1 1
26 5 3 1
6 3 3 1
29 12 1 1
7 2 3 1
41 4 3 1
24 6 2 1
40 4 2 1
42 3 3 1
40 6 3 1
16 6 3 1
20 1 2 1
8 11 1 1
7 1 2 1
33 5 3 1
32 10 2 1
35 6 3 1
34 2 2 1
17 6 3 1
11 12 3 1
14 11 2 1
13 1 2 1
37 4 3 1
15 2 3 1
39 1 3 1
38 11 3 1
5 2 3 1
38 6 3 1
25 6 3 1
27 7 1 1
1 8 3 1
36 11 2 1
4 3 3 1
27 4 1 1
30 7 2 1
29 5 1 1
5 7 1 1
5 9 3 1
33 9 3 1
33 7 0 1
22 1 1 2
22 10 3 2
22 7 3 2
22 12 3 2
22 13 3 2
22 8 3 2
22 19 1 2
11 10 3 2
11 13 3 2
11 18 3 2
11 9 3 2
11 19 1 2
11 21 1 2
17 1 3 2
17 2 3 2
17 4 3 2
17 10 3 2
17 9 3 2
17 12 1 2
17 13 3 2
13 1 2 2
13 5 1 2
13 10 3 2
13 12 3 2
13 13 3 2
13 8 3 2
13 9 3 2
9 14 3 2
9 10 3 2
9 9 1 2
9 12 3 2
9 13 3 2
9 16 3 2
9 19 1 2
9 8 3 2
21 1 3 2
21 10 1 2
21 7 3 2
21 13 1 2
21 18 3 2
21 8 3 2
21 9 3 2
27 1 1 2
27 2 1 2
27 3 1 2
27 14 1 2
27 4 1 2
27 10 1 2
27 8 1 2
1 13 3 2
1 9 3 2
1 19 1 2
1 18 3 2
1 21 3 2
1 16 2 2
43 1 2 2
43 10 3 2
43 17 3 2
43 13 3 2
43 12 3 2
43 8 3 2
43 9 3 2
25 1 2 2
25 2 3 2
25 14 1 2
25 4 1 2
25 10 3 2
25 9 3 2
25 12 3 2
25 13 3 2
25 19 1 2
14 11 1 2
14 6 2 2
14 7 3 2
14 13 1 2
14 8 3 2
14 9 3 2
14 19 1 2
24 4 2 2
24 10 3 2
24 6 3 2
24 9 2 2
24 12 3 2
24 13 3 2
24 8 3 2
38 7 2 2
38 12 3 2
38 13 3 2
38 8 3 2
38 9 3 2
38 19 1 2
38 18 1 2
20 1 1 2
20 10 1 2
20 12 3 2
20 13 3 2
20 8 1 2
20 19 1 2
20 18 3 2
6 1 2 2
6 10 3 2
6 12 3 2
6 19 1 2
6 18 3 2
6 21 3 2
34 12 3 2
34 13 3 2
33 16 3 2
2 13 3 2
2 8 3 2
2 9 1 2
2 19 1 2
2 18 2 2
2 21 3 2
3 1 3 2
3 3 3 2
3 4 1 2
3 14 1 2
3 10 1 2
3 6 3 2
3 9 3 2
5 3 3 2
5 5 3 2
5 10 3 2
5 12 3 2
5 13 3 2
5 8 3 2
12 10 1 2
12 12 3 2
12 13 1 2
12 8 3 2
12 9 1 2
12 19 1 2
12 18 3 2
15 10 2 2
15 12 3 2
15 8 3 2
15 9 3 2
15 19 1 2
15 18 3 2
15 21 3 2
18 2 3 2
18 5 3 2
18 10 3 2
18 12 3 2
18 13 3 2
18 8 3 2
18 16 1 2
28 4 3 2
28 10 3 2
28 12 3 2
28 13 3 2
28 8 3 2
29 1 3 2
29 2 1 2
29 3 3 2
29 14 2 2
29 4 3 2
29 10 3 2
29 8 2 2
30 1 3 2
30 10 3 2
30 7 3 2
30 12 3 2
30 13 2 2
30 8 2 2
30 9 3 2
33 8 3 2
33 7 1 2
33 19 1 2
33 18 3 2
33 21 1 2
34 1 3 2
34 2 2 2
34 3 3 2
34 5 1 2
34 14 1 2
34 10 3 2
34 6 3 2
35 1 3 2
35 2 2 2
35 4 3 2
35 10 3 2
35 12 3 2
35 13 3 2
39 10 2 2
39 7 1 2
39 12 3 2
39 13 1 2
39 8 1 2
39 9 3 2
41 1 3 2
41 6 3 2
41 7 3 2
41 13 3 2
41 18 3 2
41 8 2 2
41 9 3 2
29 4 3 2
4 14 2 2
26 9 3 2
37 9 3 2
4 1 2 2
4 2 3 2
4 14 2 2
4 4 1 2
4 8 1 2
4 9 1 2
4 18 2 2
8 3 2 2
8 14 2 2
8 10 2 2
8 9 1 2
8 18 3 2
8 12 3 2
8 8 3 2
19 4 2 2
19 10 3 2
19 8 3 2
19 7 3 2
19 18 2 2
19 12 3 2
19 17 2 2
23 1 3 2
23 14 3 2
23 7 3 2
23 12 3 2
23 18 3 2
23 8 3 2
23 9 1 2
26 4 3 2
26 10 3 2
26 8 1 2
26 18 3 2
26 17 3 2
26 7 1 2
26 19 1 2
31 4 2 2
31 12 3 2
31 13 3 2
31 8 1 2
31 9 1 2
31 19 1 2
31 18 3 2
32 10 3 2
32 8 2 2
32 18 2 2
32 17 1 2
32 9 2 2
32 19 1 2
32 12 3 2
36 1 3 2
36 11 3 2
36 9 1 2
36 12 3 2
36 8 3 2
36 16 3 2
36 19 1 2
37 1 3 2
37 5 2 2
37 10 3 2
37 18 1 2
37 12 1 2
37 8 2 2
40 4 2 2
40 10 2 2
40 9 3 2
40 18 3 2
40 8 2 2
40 16 2 2
40 19 1 2
42 1 3 2
42 14 3 2
42 10 3 2
42 18 3 2
42 12 3 2
42 8 2 2
42 16 1 2
4 1 3 2
4 14 3 2
4 8 2 2
15 8 3 2
29 14 3 2
1 19 3 2
6 19 2 2
22 9 3 2
28 9 3 2
2 18 3 100
14 9 3 100
14 6 3 100
38 7 3 100
1 27 2 3
1 24 3 3
1 32 2 3
1 34 3 3
6 1 3 3
6 19 3 3
6 27 3 3
6 24 3 3
6 32 3 3
9 29 3 3
9 20 2 3
9 18 3 3
9 27 2 3
9 21 1 3
11 20 2 3
11 27 1 3
11 22 3 3
11 24 3 3
11 32 3 3
14 17 3 3
14 20 2 3
14 18 1 3
14 27 3 3
14 21 3 3
16 1 3 3
16 5 3 3
16 10 3 3
16 18 3 3
16 27 1 3
17 18 3 3
17 8 2 3
17 16 1 3
17 19 1 3
17 27 1 3
20 1 3 3
20 15 1 3
20 17 3 3
20 20 2 3
20 27 2 3
21 15 1 3
21 27 2 3
21 19 1 3
21 28 3 3
21 31 3 3
22 1 1 3
22 9 3 3
22 20 2 3
22 18 3 3
22 27 3 3
24 4 3 3
24 9 3 3
24 16 1 3
24 19 1 3
24 18 1 3
25 1 1 3
25 4 1 3
25 5 1 3
25 16 2 3
25 20 1 3
27 1 3 3
27 4 1 3
27 5 1 3
27 2 3 3
27 3 3 3
38 16 1 3
38 20 2 3
38 27 3 3
38 28 1 3
38 21 1 3
43 1 3 3
43 19 3 3
43 18 3 3
43 27 3 3
43 21 3 3
2 16 1 3
2 20 1 3
2 27 3 3
2 28 1 3
2 24 3 3
3 4 3 3
3 5 1 3
3 15 1 3
3 12 3 3
3 13 3 3
5 19 1 3
5 18 3 3
5 27 1 3
5 21 3 3
5 24 1 3
12 15 1 3
12 16 1 3
12 20 1 3
12 27 1 3
12 28 1 3
15 10 3 3
15 20 3 3
15 27 2 3
15 24 3 3
15 32 3 3
18 29 3 3
18 19 3 3
18 18 3 3
18 27 1 3
18 21 1 3
28 9 1 3
28 19 1 3
28 18 3 3
28 27 1 3
28 21 2 3
29 5 3 3
29 8 1 3
29 9 1 3
29 18 3 3
29 17 2 3
30 13 1 3
30 8 1 3
30 19 1 3
30 18 3 3
30 27 3 3
33 20 1 3
33 27 2 3
33 22 1 3
33 24 3 3
33 32 3 3
34 4 2 3
34 5 3 3
34 2 3 3
34 8 2 3
34 9 3 3
35 2 3 3
35 8 2 3
35 9 3 3
35 19 1 3
35 18 3 3
39 10 3 3
39 18 3 3
39 17 1 3
39 7 3 3
39 19 1 3
41 8 3 3
41 19 1 3
41 27 3 3
41 28 2 3
41 21 2 3
4 5 3 3
4 8 3 3
4 16 1 3
4 18 3 3
4 27 1 3
8 14 3 3
8 3 3 3
8 10 3 3
8 16 3 3
8 29 2 3
19 4 3 3
19 18 3 3
19 17 3 3
19 9 2 3
19 19 3 3
23 16 3 3
23 19 3 3
23 27 1 3
23 28 1 3
23 21 1 3
26 6 3 3
26 16 3 3
26 35 3 3
26 27 1 3
26 28 1 3
31 4 1 3
31 17 2 3
31 16 1 3
31 20 1 3
31 27 1 3
32 8 3 3
32 6 3 3
32 9 3 3
32 20 1 3
32 18 3 3
36 29 2 3
36 20 1 3
36 18 2 3
36 27 1 3
36 21 3 3
37 5 3 3
37 27 1 3
37 28 1 3
37 8 3 3
37 19 1 3
40 4 3 3
40 10 3 3
40 8 3 3
40 16 3 3
40 20 1 3
42 8 3 3
42 29 3 3
42 19 1 3
42 27 1 3
42 28 3 3
41 21 3 100
17 8 3 100
20 20 3 100
30 8 3 100
30 13 3 100
9 20 3 100
9 27 3 100
38 7 3 100
38 20 3 100
21 27 3 100
1 27 3 100
1 32 3 100
25 16 3 100
20 27 3 100
29 8 3 100
1 38 3 4
14 33 1 4
14 34 3 4
43 36 3 4
43 37 2 4
4 29 3 4
4 28 3 4
4 17 3 4
4 39 1 4
4 19 1 4
8 39 1 4
8 19 1 4
8 27 3 4
8 28 1 4
8 7 1 4
19 16 3 4
19 27 1 4
19 28 1 4
19 29 1 4
19 21 1 4
23 31 3 4
23 35 1 4
23 29 3 4
23 22 3 4
23 24 1 4
26 20 1 4
26 31 3 4
26 29 3 4
26 21 1 4
26 24 3 4
31 4 1 4
31 40 3 4
31 29 3 4
31 43 3 4
31 28 1 4
32 43 1 4
32 27 2 4
32 16 3 4
32 21 3 4
32 24 1 4
36 39 3 4
36 43 2 4
36 28 3 4
36 31 1 4
36 7 1 4
37 31 1 4
37 35 1 4
37 20 1 4
37 12 3 4
37 13 3 4
40 43 1 4
40 27 1 4
40 28 3 4
40 29 3 4
40 21 2 4
42 20 1 4
42 31 1 4
42 39 3 4
42 21 1 4
42 24 1 4
2 29 3 4
2 43 3 4
2 39 1 4
2 32 3 4
2 33 3 4
3 5 1 4
3 41 1 4
3 8 2 4
3 16 2 4
3 19 1 4
5 20 2 4
5 28 2 4
5 16 3 4
5 24 2 4
5 32 3 4
12 41 1 4
12 29 3 4
12 43 1 4
12 31 1 4
12 35 2 4
15 28 2 4
15 16 2 4
15 33 1 4
15 34 2 4
15 36 3 4
18 28 2 4
18 39 1 4
18 22 3 4
18 24 3 4
18 32 3 4
28 20 1 4
28 28 1 4
28 16 3 4
28 22 1 4
28 24 2 4
29 40 3 4
29 16 1 4
29 42 3 4
29 29 1 4
29 19 1 4
30 17 1 4
30 20 2 4
30 28 1 4
30 16 1 4
30 21 2 4
33 43 3 4
33 28 1 4
33 23 3 4
33 33 1 4
33 34 1 4
34 4 2 4
34 17 1 4
34 19 1 4
34 18 3 4
34 27 2 4
35 17 3 4
35 20 2 4
35 27 1 4
35 16 2 4
35 21 2 4
39 40 1 4
39 20 1 4
39 27 3 4
39 28 1 4
39 16 1 4
41 20 1 4
41 31 2 4
41 16 2 4
41 22 2 4
41 24 1 4
1 28 3 4
1 29 3 4
1 33 3 4
1 36 3 4
1 37 2 4
6 16 2 4
6 33 2 4
6 34 3 4
6 36 3 4
6 37 3 4
9 43 2 4
9 28 3 4
9 39 1 4
9 22 3 4
9 24 1 4
11 43 3 4
11 28 1 4
11 16 1 4
11 33 1 4
11 34 3 4
13 1 3 4
13 5 1 4
13 19 1 4
13 18 3 4
13 27 1 4
14 43 3 4
14 28 2 4
14 16 3 4
14 24 3 4
14 32 3 4
16 28 2 4
16 19 3 4
16 31 3 4
16 35 1 4
16 16 1 4
17 17 3 4
17 29 3 4
17 20 1 4
17 28 1 4
17 31 1 4
20 41 1 4
20 43 3 4
20 28 3 4
20 16 3 4
20 21 3 4
21 41 1 4
21 20 1 4
21 35 1 4
21 16 1 4
21 21 3 4
22 1 3 4
22 43 3 4
22 16 3 4
22 21 2 4
22 24 1 4
24 29 1 4
24 20 1 4
24 27 1 4
24 28 1 4
24 39 3 4
25 1 3 4
25 4 3 4
25 5 3 4
25 29 1 4
25 43 1 4
27 4 1 4
27 5 3 4
27 15 1 4
27 17 1 4
27 9 2 4
38 43 3 4
38 31 1 4
38 29 3 4
38 22 3 4
38 24 2 4
43 16 3 4
43 24 3 4
43 32 3 4
43 33 3 4
43 34 3 4
11 20 3 100
1 37 3 100
43 37 3 100
9 27 3 100
9 43 3 100
22 20 3 100
22 21 3 100
40 21 3 100
36 18 3 100
38 5 3 100
38 20 3 100
38 24 3 100
15 27 3 100
15 28 3 100
6 16 3 100
6 33 3 100
29 17 3 100
41 16 3 100
41 22 3 100
41 28 3 100
28 24 3 100
5 24 3 100
5 20 3 100
5 28 3 100
4 7 3 5
4 20 1 5
4 31 1 5
4 35 1 5
4 9 3 5
4 21 0 5
4 24 0 5
8 20 1 5
8 31 3 5
8 7 1 5
8 21 1 5
8 24 3 5
8 32 0 5
8 33 0 5
19 31 3 5
19 35 1 5
19 22 3 5
19 24 1 5
19 32 3 5
19 33 0 5
19 34 0 5
23 13 3 5
23 24 2 5
23 32 3 5
23 33 1 5
23 34 3 5
23 36 0 5
23 37 0 5
26 43 3 5
26 22 3 5
26 32 3 5
26 33 1 5
26 34 1 5
26 36 3 5
26 37 3 5
31 4 2 5
31 31 2 5
31 39 1 5
31 21 2 5
31 24 1 5
31 32 0 5
31 33 0 5
32 19 3 5
32 24 3 5
32 32 2 5
32 33 1 5
32 34 1 5
32 36 3 5
32 37 1 5
36 24 1 5
36 32 2 5
36 33 1 5
36 34 1 5
36 36 3 5
36 37 3 5
36 38 3 5
37 43 3 5
37 18 3 5
37 27 3 5
37 16 3 5
37 21 1 5
37 24 0 5
37 32 0 5
40 19 3 5
40 31 1 5
40 24 1 5
40 32 3 5
40 33 3 5
40 34 0 5
40 36 0 5
42 43 3 5
42 35 2 5
42 22 2 5
42 24 1 5
42 32 2 5
42 33 0 5
42 34 0 5
2 9 3 5
2 34 3 5
2 36 3 5
2 37 3 5
2 38 3 5
2 44 3 5
2 54 3 5
3 5 3 5
3 11 1 5
3 20 1 5
3 18 1 5
3 27 2 5
3 29 0 5
3 21 0 5
5 33 1 5
5 34 3 5
5 36 3 5
5 37 3 5
5 38 1 5
5 44 1 5
5 54 1 5
12 11 1 5
12 19 3 5
12 13 3 5
12 39 3 5
12 21 3 5
12 24 3 5
12 32 3 5
15 33 3 5
15 37 3 5
15 38 3 5
15 44 3 5
15 54 3 5
15 55 0 5
18 9 1 5
18 33 1 5
18 34 1 5
18 36 3 5
18 37 3 5
18 38 3 5
18 44 3 5
28 43 3 5
28 31 1 5
28 32 3 5
28 33 1 5
28 34 1 5
28 36 0 5
28 37 0 5
30 29 3 5
30 24 2 5
30 32 3 5
30 33 1 5
30 34 1 5
30 36 0 5
30 37 0 5
33 33 3 5
33 34 1 5
33 36 1 5
33 37 1 5
33 38 1 5
33 44 0 5
33 54 0 5
34 4 1 5
34 20 1 5
34 16 1 5
34 21 3 5
34 24 1 5
34 32 0 5
34 33 0 5
35 28 3 5
35 24 3 5
35 32 3 5
35 33 3 5
35 34 3 5
35 36 0 5
35 37 0 5
41 43 1 5
41 24 3 5
41 32 1 5
41 33 1 5
41 34 1 5
41 36 0 5
41 37 0 5
1 44 3 5
1 54 3 5
1 55 2 5
6 38 3 5
6 44 3 5
6 54 1 5
6 55 1 5
9 7 3 5
9 24 3 5
9 32 3 5
9 33 2 5
9 34 3 5
9 36 3 5
9 37 3 5
11 31 3 5
11 29 3 5
11 33 3 5
11 36 3 5
11 37 3 5
11 38 0 5
11 44 0 5
14 33 3 5
14 36 3 5
14 37 3 5
14 38 3 5
14 44 3 5
14 54 1 5
14 55 3 5
16 12 3 5
16 29 3 5
16 21 3 5
16 24 3 5
16 32 2 5
16 33 1 5
16 34 3 5
17 43 1 5
17 35 1 5
17 12 2 5
17 39 1 5
17 21 3 5
17 24 0 5
17 32 0 5
20 11 3 5
20 24 3 5
20 32 3 5
20 33 3 5
20 34 3 5
20 36 0 5
20 37 0 5
21 11 3 5
21 43 3 5
21 29 3 5
21 24 3 5
21 32 2 5
21 33 1 5
21 34 3 5
22 24 3 5
22 32 3 5
22 33 1 5
22 34 2 5
22 36 3 5
22 37 3 5
22 38 2 5
24 43 1 5
24 31 3 5
24 35 2 5
24 7 1 5
24 21 1 5
24 24 0 5
24 32 0 5
25 19 1 5
25 18 3 5
25 27 1 5
25 39 3 5
25 21 1 5
25 24 0 5
25 32 0 5
27 4 3 5
27 41 1 5
27 40 2 5
27 12 3 5
27 13 1 5
27 42 0 5
27 16 0 5
38 35 3 5
38 32 3 5
38 33 3 5
38 34 3 5
38 36 3 5
38 37 0 5
38 38 0 5
43 38 3 5
43 44 3 5
43 54 3 5
43 55 3 5
32 27 3 100
1 66 3 6
1 67 3 6
1 56 3 6
1 58 1 6
1 59 3 6
1 75 1 6
6 54 3 6
6 55 3 6
6 66 3 6
6 67 3 6
6 56 2 6
6 58 0 6
6 59 0 6
44 1 1 6
44 24 3 6
44 4 1 6
44 36 3 6
44 5 1 6
44 44 0 6
44 2 0 6
9 38 1 6
9 44 3 6
9 54 3 6
9 55 1 6
9 66 3 6
9 67 3 6
9 56 1 6
11 38 3 6
11 44 3 6
11 54 3 6
11 66 3 6
11 67 3 6
11 56 0 6
13 5 3 6
13 20 1 6
13 28 3 6
13 16 3 6
13 21 1 6
13 24 0 6
13 32 0 6
14 54 3 6
14 66 3 6
14 67 3 6
14 56 3 6
14 58 3 6
14 59 1 6
14 75 1 6
16 81 1 6
16 36 3 6
16 37 3 6
16 38 1 6
16 44 3 6
16 54 0 6
16 55 0 6
17 19 1 6
17 79 1 6
17 73 1 6
17 24 1 6
17 32 3 6
17 33 0 6
17 34 0 6
20 36 3 6
20 37 3 6
20 38 3 6
20 44 3 6
20 54 3 6
20 55 3 6
20 66 3 6
21 81 1 6
21 36 3 6
21 37 3 6
21 38 3 6
21 44 3 6
21 54 3 6
21 55 1 6
22 81 1 6
22 44 3 6
22 54 1 6
22 55 1 6
22 66 3 6
22 67 0 6
22 56 0 6
24 19 1 6
24 73 1 6
24 22 3 6
24 24 3 6
24 32 3 6
24 33 0 6
24 34 0 6
25 19 1 6
25 28 1 6
25 22 3 6
25 24 3 6
25 32 3 6
25 33 0 6
25 34 0 6
27 77 1 6
27 18 3 6
27 42 1 6
27 16 2 6
27 19 1 6
27 27 0 6
27 28 0 6
38 37 1 6
38 38 1 6
38 44 3 6
38 54 3 6
38 55 2 6
38 66 3 6
38 67 1 6
43 66 3 6
43 67 3 6
43 56 3 6
43 58 3 6
43 59 3 6
43 75 1 6
2 55 3 6
2 66 3 6
2 67 3 6
2 56 2 6
2 58 1 6
2 59 0 6
2 75 0 6
3 77 1 6
3 43 1 6
3 28 1 6
3 29 1 6
3 21 1 6
3 24 0 6
3 32 0 6
5 81 1 6
5 48 2 6
5 45 3 6
5 55 1 6
5 54 3 6
5 66 0 6
5 67 0 6
12 77 1 6
12 33 3 6
12 34 2 6
12 36 3 6
12 37 1 6
12 38 3 6
12 44 3 6
15 55 3 6
15 66 3 6
15 67 3 6
15 56 1 6
15 58 3 6
15 59 0 6
15 75 0 6
18 81 1 6
18 80 1 6
18 54 3 6
18 55 2 6
18 66 3 6
18 67 0 6
18 56 0 6
28 35 3 6
28 81 1 6
28 80 1 6
28 36 3 6
28 37 3 6
28 38 0 6
28 44 0 6
30 81 1 6
30 80 2 6
30 36 3 6
30 37 3 6
30 38 1 6
30 44 0 6
30 54 0 6
33 80 3 6
33 36 3 6
33 37 3 6
33 48 3 6
33 44 3 6
33 54 0 6
33 55 0 6
34 4 1 6
34 43 3 6
34 29 3 6
34 26 1 6
34 32 3 6
34 33 0 6
34 34 0 6
35 36 3 6
35 37 2 6
35 38 2 6
35 44 3 6
35 54 2 6
35 55 1 6
35 66 1 6
39 42 1 6
39 43 3 6
39 31 2 6
39 29 3 6
39 21 3 6
39 24 0 6
39 32 0 6
41 19 1 6
41 32 3 6
41 81 1 6
41 80 1 6
41 36 3 6
41 37 0 6
41 38 0 6
4 43 1 6
4 79 1 6
4 12 1 6
4 21 3 6
4 24 3 6
4 32 0 6
4 33 0 6
8 43 3 6
8 73 1 6
8 22 3 6
8 32 3 6
8 33 1 6
8 34 0 6
8 36 0 6
19 79 1 6
19 26 3 6
19 33 3 6
19 34 1 6
19 36 3 6
19 37 0 6
19 38 0 6
23 81 1 6
23 36 3 6
23 37 3 6
23 38 3 6
23 44 3 6
23 54 2 6
23 55 1 6
26 81 2 6
26 80 2 6
26 38 1 6
26 44 3 6
26 54 3 6
26 55 0 6
26 66 0 6
31 4 3 6
31 73 1 6
31 26 2 6
31 32 1 6
31 33 3 6
31 34 0 6
31 36 0 6
32 81 1 6
32 80 3 6
32 37 3 6
32 38 1 6
32 44 3 6
32 54 0 6
32 55 0 6
36 26 2 6
36 81 1 6
36 80 1 6
36 44 3 6
36 54 3 6
36 55 0 6
36 66 0 6
37 22 3 6
37 24 3 6
37 32 3 6
37 33 3 6
37 34 3 6
37 36 1 6
37 37 3 6
42 26 1 6
42 33 3 6
42 34 2 6
42 36 3 6
42 37 3 6
42 38 3 6
42 44 1 6
17 12 3 100
23 24 3 100
21 32 3 100
42 22 3 100
42 32 3 100
42 34 3 100
28 21 3 100
22 34 3 100
22 38 3 100
30 20 3 100
30 21 3 100
30 24 3 100
16 32 3 100
38 55 3 100
6 56 3 100
12 34 3 100
2 56 3 100
23 54 3 100
18 28 3 100
18 55 3 100
42 35 3 100
8 7 1 7
8 81 1 7
8 34 2 7
8 36 3 7
8 37 1 7
8 38 1 7
8 44 3 7
19 85 3 7
19 80 3 7
19 37 3 7
19 38 2 7
19 44 3 7
19 54 0 7
19 55 0 7
23 33 1 7
23 55 3 7
23 66 2 7
23 67 2 7
23 56 2 7
23 58 1 7
23 59 3 7
26 48 2 7
26 55 2 7
26 66 3 7
26 67 1 7
26 56 3 7
26 58 0 7
26 59 0 7
31 9 1 7
31 32 2 7
31 34 2 7
31 36 3 7
31 37 1 7
31 38 1 7
31 44 3 7
32 33 2 7
32 48 1 7
32 54 3 7
32 55 3 7
32 66 3 7
32 67 0 7
32 56 0 7
37 36 3 7
37 38 3 7
37 44 3 7
37 54 3 7
37 55 3 7
37 66 2 7
37 67 1 7
40 35 3 7
40 26 3 7
40 34 3 7
40 36 3 7
40 37 3 7
40 38 3 7
40 44 3 7
42 30 1 7
42 45 3 7
42 54 3 7
42 55 3 7
42 66 3 7
42 67 0 7
42 56 0 7
2 59 3 7
2 60 3 7
2 75 1 7
2 83 3 7
2 84 3 7
2 76 0 7
2 97 0 7
3 11 1 7
3 86 1 7
3 31 1 7
3 39 1 7
3 22 1 7
3 24 0 7
3 32 0 7
5 33 1 7
5 55 2 7
5 66 1 7
5 67 3 7
5 56 2 7
5 58 0 7
5 59 0 7
12 11 1 7
12 82 2 7
12 54 3 7
12 55 1 7
12 66 3 7
12 67 0 7
12 56 0 7
15 57 3 7
15 59 3 7
15 75 1 7
15 83 1 7
15 84 1 7
15 76 1 7
15 97 1 7
18 33 3 7
18 34 2 7
18 67 3 7
18 56 3 7
18 58 1 7
18 59 0 7
18 75 0 7
28 33 2 7
28 34 1 7
28 38 3 7
28 44 3 7
28 54 3 7
28 55 0 7
28 66 0 7
29 39 1 7
29 73 1 7
29 20 3 7
29 27 1 7
29 28 3 7
29 7 0 7
29 21 0 7
30 33 2 7
30 48 3 7
30 44 3 7
30 54 3 7
30 55 1 7
30 66 3 7
30 67 3 7
33 54 3 7
33 55 1 7
33 66 3 7
33 67 3 7
33 56 3 7
33 58 0 7
33 59 0 7
34 4 1 7
34 30 3 7
34 33 2 7
34 34 3 7
34 36 2 7
34 37 3 7
34 38 3 7
35 55 1 7
35 67 3 7
35 68 3 7
35 56 1 7
35 58 3 7
35 59 0 7
35 75 0 7
39 74 1 7
39 24 3 7
39 32 3 7
39 33 2 7
39 34 1 7
39 36 0 7
39 37 0 7
41 86 1 7
41 33 2 7
41 34 3 7
41 37 3 7
41 38 3 7
41 44 3 7
41 54 3 7
1 60 2 7
1 76 1 7
1 83 2 7
1 84 3 7
1 78 3 7
1 97 3 7
1 99 3 7
6 58 3 7
6 59 3 7
6 75 1 7
6 83 3 7
6 84 3 7
6 76 0 7
6 97 0 7
9 48 1 7
9 55 3 7
9 57 3 7
9 58 2 7
9 59 3 7
9 75 1 7
9 83 3 7
11 55 2 7
11 56 3 7
11 58 3 7
11 59 3 7
11 75 1 7
11 83 0 7
11 84 0 7
13 43 3 7
13 22 1 7
13 24 1 7
13 32 2 7
13 33 1 7
13 34 0 7
13 36 0 7
14 60 3 7
14 76 1 7
14 83 2 7
14 84 3 7
14 78 3 7
14 97 0 7
14 99 0 7
16 33 3 7
16 48 3 7
16 54 3 7
16 55 1 7
16 66 3 7
16 67 0 7
16 56 0 7
17 86 1 7
17 85 2 7
17 7 1 7
17 26 1 7
17 33 1 7
17 34 0 7
17 36 0 7
20 67 3 7
20 56 3 7
20 58 3 7
20 59 3 7
20 75 1 7
20 83 3 7
20 84 3 7
21 33 2 7
21 55 2 7
21 66 3 7
21 67 3 7
21 56 3 7
21 58 1 7
21 59 3 7
22 33 3 7
22 54 3 7
22 55 3 7
22 67 3 7
22 56 3 7
22 58 1 7
22 59 3 7
24 86 1 7
24 7 1 7
24 33 3 7
24 34 3 7
24 36 3 7
24 37 0 7
24 38 0 7
25 86 1 7
25 31 1 7
25 33 1 7
25 34 3 7
25 36 3 7
25 37 0 7
25 38 0 7
38 82 3 7
38 48 3 7
38 68 3 7
38 56 3 7
38 58 3 7
38 59 3 7
38 75 1 7
43 76 3 7
43 83 3 7
43 84 3 7
43 78 3 7
43 97 3 7
43 99 3 7
31 26 3 100
23 56 3 100
23 66 3 100
23 67 3 100
17 85 3 100
18 34 3 100
11 55 3 100
8 126 1 8
8 33 2 8
8 82 3 8
8 49 1 8
8 54 3 8
8 55 0 8
8 69 0 8
19 54 3 8
19 55 3 8
19 70 3 8
19 72 1 8
19 62 1 8
19 58 0 8
19 59 0 8
23 33 3 8
23 60 3 8
23 75 1 8
23 83 3 8
23 84 3 8
23 112 0 8
23 76 0 8
26 72 3 8
26 58 1 8
26 59 3 8
26 75 1 8
26 83 1 8
26 84 0 8
26 119 0 8
31 126 3 8
31 82 3 8
31 49 1 8
31 54 3 8
31 55 3 8
31 69 0 8
31 72 0 8
32 49 2 8
32 72 3 8
32 62 1 8
32 58 3 8
32 59 3 8
32 75 1 8
32 83 3 8
36 33 2 8
36 130 1 8
36 55 3 8
36 71 3 8
36 72 2 8
36 62 0 8
36 58 0 8
37 72 2 8
37 57 1 8
37 58 3 8
37 59 3 8
37 75 1 8
37 83 0 8
37 84 0 8
40 54 1 8
40 55 1 8
40 69 3 8
40 72 2 8
40 62 3 8
40 58 1 8
40 59 3 8
42 24 3 8
42 72 1 8
42 61 1 8
42 58 1 8
42 59 3 8
42 75 0 8
42 83 0 8
2 76 3 8
2 117 1 8
2 78 1 8
2 102 3 8
2 101 3 8
2 124 0 8
5 33 2 8
5 72 3 8
5 58 1 8
5 59 3 8
5 75 1 8
5 83 0 8
5 84 0 8
12 11 1 8
12 55 2 8
12 72 3 8
12 62 3 8
12 58 1 8
12 59 3 8
12 75 1 8
15 78 1 8
15 89 3 8
15 87 3 8
15 117 3 8
15 96 1 8
15 102 0 8
15 100 0 8
18 59 1 8
18 60 3 8
18 75 1 8
18 83 3 8
18 84 1 8
18 119 0 8
18 76 0 8
28 130 1 8
28 55 1 8
28 71 3 8
28 72 3 8
28 57 3 8
28 58 0 8
28 59 0 8
29 126 3 8
29 7 1 8
29 31 1 8
29 9 3 8
29 23 2 8
29 24 0 8
29 32 0 8
30 55 2 8
30 61 1 8
30 58 3 8
30 59 3 8
30 75 1 8
30 83 1 8
30 84 1 8
33 55 3 8
33 58 3 8
33 59 3 8
33 75 1 8
33 83 2 8
33 84 0 8
33 120 0 8
34 4 3 8
34 45 3 8
34 54 3 8
34 55 1 8
34 70 3 8
34 72 1 8
34 61 1 8
35 55 3 8
35 57 3 8
35 59 3 8
35 75 1 8
35 83 2 8
35 84 3 8
35 111 3 8
39 127 3 8
39 80 1 8
39 36 3 8
39 37 3 8
39 38 3 8
39 46 3 8
39 54 3 8
41 107 1 8
41 55 2 8
41 68 3 8
41 72 3 8
41 61 3 8
41 58 1 8
41 59 3 8
1 111 3 8
1 96 1 8
1 123 3 8
6 76 3 8
6 111 3 8
6 78 3 8
6 102 3 8
6 101 3 8
6 131 3 8
44 128 1 8
44 14 1 8
44 129 1 8
44 45 3 8
44 2 1 8
44 32 1 8
44 3 1 8
9 49 2 8
9 76 1 8
9 84 3 8
9 112 3 8
9 78 1 8
9 98 0 8
9 100 0 8
11 76 1 8
11 83 3 8
11 84 3 8
11 120 3 8
11 78 1 8
11 98 0 8
11 100 0 8
14 112 3 8
14 96 1 8
14 98 2 8
14 99 1 8
14 123 1 8
16 55 1 8
16 72 3 8
16 61 3 8
16 58 1 8
16 59 3 8
16 75 0 8
16 83 0 8
17 107 1 8
17 126 1 8
17 30 3 8
17 81 1 8
17 34 3 8
17 36 0 8
17 37 0 8
20 76 1 8
20 120 3 8
20 78 3 8
20 97 3 8
20 101 3 8
20 124 0 8
21 60 3 8
21 75 3 8
21 83 1 8
21 84 1 8
21 111 3 8
21 76 0 8
21 98 0 8
22 60 3 8
22 75 3 8
22 83 3 8
22 84 3 8
22 117 1 8
22 76 0 8
22 102 0 8
24 107 1 8
24 126 3 8
24 37 1 8
24 38 3 8
24 46 3 8
24 54 0 8
24 55 0 8
25 107 2 8
25 35 1 8
25 81 1 8
25 37 2 8
25 38 1 8
25 46 0 8
25 54 0 8
38 76 1 8
38 83 3 8
38 84 3 8
38 112 3 8
38 78 1 8
38 97 0 8
38 99 0 8
43 119 3 8
43 125 3 8
36 32 3 100
36 33 3 100
36 72 3 100
31 26 3 100
37 66 3 100
29 23 3 100
41 55 3 100
41 33 3 100
40 33 3 100
40 72 3 100
5 33 3 100
5 56 3 100
21 55 3 100
25 37 3 100
5 48 3 100
5 55 3 100
1 150 3 9
1 142 3 9
1 151 2 9
1 103 3 9
1 132 2 9
1 136 2 9
1 157 2 9
6 154 3 9
6 144 3 9
6 151 1 9
6 133 3 9
6 138 3 9
6 157 1 9
44 156 1 9
44 4 1 9
44 129 3 9
44 2 1 9
44 32 1 9
44 3 1 9
44 11 1 9
9 96 1 9
9 153 3 9
9 143 1 9
9 151 3 9
9 104 2 9
9 98 3 9
9 100 2 9
11 96 3 9
11 153 3 9
11 143 3 9
11 151 3 9
11 105 3 9
11 98 0 9
11 100 0 9
14 150 3 9
14 145 3 9
14 151 3 9
14 106 3 9
14 100 3 9
14 122 3 9
14 132 1 9
16 55 3 9
16 60 3 9
16 75 3 9
16 83 3 9
16 84 3 9
16 117 1 9
16 154 3 9
17 108 1 9
17 7 3 9
17 33 2 9
17 36 3 9
17 37 3 9
17 38 0 9
17 46 0 9
20 150 3 9
20 144 1 9
20 151 3 9
20 96 3 9
20 122 3 9
20 133 0 9
20 136 0 9
21 90 3 9
21 87 3 9
21 153 3 9
21 145 1 9
21 151 1 9
21 76 3 9
21 98 1 9
22 111 3 9
22 155 3 9
22 143 2 9
22 151 1 9
22 76 1 9
22 97 0 9
22 100 0 9
24 108 3 9
24 82 3 9
24 54 3 9
24 55 3 9
24 69 3 9
24 72 0 9
24 62 0 9
25 110 1 9
25 33 3 9
25 49 1 9
25 46 3 9
25 54 2 9
25 55 0 9
25 70 0 9
27 11 1 9
27 74 3 9
27 20 3 9
27 27 1 9
27 28 3 9
27 29 0 9
27 23 0 9
38 96 1 9
38 153 3 9
38 145 2 9
38 151 3 9
38 104 1 9
38 102 0 9
38 99 0 9
43 155 3 9
43 145 3 9
43 151 3 9
43 132 3 9
43 137 3 9
43 157 1 9
8 7 1 9
8 49 1 9
8 55 2 9
8 69 3 9
8 72 2 9
8 62 1 9
8 58 1 9
19 72 3 9
19 61 3 9
19 58 1 9
19 59 2 9
19 75 1 9
19 83 0 9
19 84 0 9
23 76 3 9
23 120 3 9
23 154 3 9
23 142 3 9
23 151 1 9
23 78 1 9
23 102 3 9
26 60 3 9
26 76 1 9
26 89 3 9
26 84 3 9
26 112 1 9
26 150 3 9
26 144 3 9
31 49 1 9
31 71 3 9
31 72 1 9
31 62 3 9
31 58 1 9
31 59 0 9
31 75 0 9
32 61 1 9
32 76 3 9
32 84 3 9
32 119 3 9
32 154 2 9
32 142 1 9
32 151 1 9
36 34 3 9
36 61 3 9
36 58 3 9
36 59 3 9
36 75 3 9
36 83 0 9
36 84 0 9
37 62 3 9
37 76 3 9
37 83 1 9
37 84 3 9
37 111 3 9
37 154 0 9
37 142 0 9
40 54 3 9
40 55 3 9
40 60 3 9
40 75 3 9
40 83 3 9
40 84 3 9
40 117 2 9
42 72 2 9
42 57 3 9
42 60 3 9
42 75 3 9
42 83 1 9
42 84 0 9
42 119 0 9
2 119 3 9
2 154 3 9
2 144 3 9
2 151 3 9
2 96 1 9
2 121 0 9
2 133 0 9
3 11 1 9
3 107 1 9
3 35 3 9
3 73 1 9
3 23 3 9
3 24 0 9
3 32 0 9
5 60 3 9
5 76 3 9
5 83 2 9
5 84 3 9
5 120 1 9
5 150 0 9
5 142 0 9
12 11 1 9
12 60 3 9
12 76 3 9
12 83 3 9
12 84 1 9
12 112 1 9
12 155 3 9
15 103 2 9
15 153 3 9
15 142 3 9
15 151 1 9
15 121 1 9
15 102 0 9
15 99 0 9
18 63 2 9
18 76 1 9
18 88 1 9
18 119 3 9
18 155 3 9
18 143 0 9
18 151 0 9
28 34 2 9
28 55 3 9
28 58 3 9
28 59 3 9
28 75 3 9
28 83 3 9
28 84 3 9
29 35 1 9
29 7 1 9
29 24 3 9
29 32 3 9
29 33 1 9
29 34 0 9
29 36 0 9
30 57 3 9
30 76 1 9
30 90 3 9
30 88 3 9
30 117 1 9
30 153 3 9
30 145 1 9
33 76 1 9
33 84 3 9
33 120 3 9
33 155 3 9
33 143 1 9
33 151 1 9
33 78 3 9
34 55 3 9
34 72 3 9
34 57 3 9
34 58 3 9
34 59 3 9
34 75 0 9
34 83 0 9
35 76 1 9
35 150 3 9
35 144 1 9
35 151 3 9
35 78 1 9
35 98 3 9
35 101 3 9
39 130 1 9
39 55 3 9
39 68 3 9
39 72 3 9
39 57 1 9
39 58 0 9
39 59 0 9
41 108 3 9
41 60 3 9
41 75 1 9
41 83 3 9
41 84 3 9
41 112 1 9
41 155 1 9
9 49 3 100
9 58 3 100
18 63 3 100
30 33 3 100
37 72 3 100
40 117 3 100
32 32 3 100
12 82 3 100
17 33 3 100
12 35 3 100
30 80 3 100
26 48 3 100
26 81 3 100
4 86 1 10
4 85 1 10
4 109 1 10
4 32 3 10
4 33 2 10
4 34 3 10
4 36 3 10
8 7 3 10
8 49 1 10
8 62 2 10
8 59 3 10
8 60 2 10
8 75 1 10
8 83 1 10
19 60 3 10
19 76 1 10
19 83 3 10
19 84 3 10
19 112 1 10
19 150 1 10
19 143 1 10
23 152 3 10
23 169 1 10
23 158 2 10
23 96 1 10
23 99 1 10
23 121 0 10
23 133 0 10
26 78 2 10
26 117 2 10
26 151 3 10
26 169 1 10
26 158 2 10
26 96 0 10
26 98 0 10
31 49 1 10
31 72 3 10
31 59 3 10
31 60 3 10
31 75 3 10
31 83 0 10
31 84 0 10
32 57 3 10
32 143 3 10
32 152 1 10
32 168 1 10
32 159 1 10
32 78 0 10
32 102 0 10
36 83 2 10
36 84 3 10
36 112 3 10
36 155 3 10
36 143 3 10
36 151 0 10
36 169 0 10
37 90 3 10
37 150 2 10
37 144 3 10
37 151 3 10
37 169 2 10
37 159 1 10
37 78 1 10
40 154 3 10
40 142 2 10
40 151 3 10
40 169 1 10
40 159 1 10
40 76 3 10
40 102 3 10
42 89 3 10
42 84 3 10
42 119 3 10
42 150 2 10
42 143 3 10
42 151 1 10
42 168 1 10
2 169 3 10
2 158 1 10
2 105 3 10
2 121 1 10
2 133 3 10
2 137 0 10
2 163 0 10
3 11 1 10
3 108 1 10
3 126 1 10
3 24 3 10
3 32 2 10
3 33 1 10
3 34 0 10
5 119 1 10
5 154 3 10
5 142 3 10
5 151 2 10
5 169 1 10
5 158 0 10
5 78 0 10
12 11 3 10
12 87 1 10
12 120 3 10
12 143 2 10
12 151 1 10
12 168 1 10
12 159 1 10
15 152 1 10
15 168 1 10
15 159 1 10
15 121 1 10
15 97 3 10
15 99 0 10
15 125 0 10
18 78 2 10
18 88 1 10
18 145 1 10
18 151 1 10
18 168 1 10
18 159 0 10
18 96 0 10
28 119 3 10
28 153 3 10
28 145 3 10
28 151 3 10
28 168 1 10
28 159 0 10
28 76 0 10
29 110 3 10
29 7 3 10
29 81 1 10
29 34 3 10
29 36 3 10
29 37 1 10
29 38 3 10
30 78 1 10
30 120 3 10
30 142 2 10
30 151 3 10
30 169 1 10
30 158 3 10
30 96 3 10
33 144 3 10
33 152 3 10
33 169 1 10
33 158 2 10
33 96 3 10
33 97 0 10
33 101 0 10
34 75 1 10
34 83 3 10
34 84 1 10
34 111 1 10
34 154 3 10
34 142 1 10
34 151 1 10
35 96 1 10
35 145 1 10
35 168 1 10
35 159 1 10
35 106 1 10
35 121 0 10
35 132 0 10
39 34 2 10
39 61 1 10
39 58 1 10
39 59 3 10
39 75 1 10
39 83 3 10
39 84 3 10
41 76 3 10
41 117 1 10
41 153 3 10
41 145 2 10
41 151 3 10
41 168 1 10
41 158 2 10
1 168 3 10
1 158 1 10
1 162 3 10
6 152 3 10
6 169 1 10
6 158 3 10
6 163 3 10
6 157 1 10
44 128 3 10
44 4 2 10
44 2 3 10
44 32 3 10
44 3 1 10
44 10 1 10
44 6 1 10
9 142 1 10
9 169 1 10
9 159 1 10
9 121 1 10
9 124 3 10
9 133 0 10
9 136 0 10
11 168 3 10
11 159 1 10
11 102 3 10
11 100 3 10
11 122 1 10
11 132 0 10
11 138 0 10
13 23 1 10
13 26 3 10
13 81 1 10
13 34 3 10
13 36 3 10
13 37 0 10
13 38 0 10
14 169 2 10
14 158 1 10
14 124 3 10
14 133 2 10
14 136 1 10
14 162 0 10
16 111 3 10
16 144 3 10
16 151 3 10
16 169 1 10
16 158 1 10
16 76 0 10
16 98 0 10
17 19 1 10
17 38 3 10
17 46 3 10
17 54 1 10
17 55 2 10
17 70 0 10
17 72 0 10
20 142 2 10
20 169 3 10
20 158 2 10
20 131 2 10
20 132 1 10
20 137 0 10
20 163 0 10
21 144 2 10
21 152 1 10
21 168 1 10
21 159 1 10
21 102 2 10
21 100 0 10
21 122 0 10
22 152 3 10
22 168 1 10
22 159 1 10
22 78 3 10
22 97 3 10
22 100 0 10
22 122 0 10
24 72 3 10
24 61 3 10
24 58 1 10
24 59 3 10
24 75 3 10
24 83 3 10
24 84 1 10
25 110 1 10
25 49 1 10
25 55 3 10
25 69 3 10
25 72 1 10
25 62 0 10
25 58 0 10
27 11 1 10
27 31 1 10
27 29 1 10
27 23 1 10
27 24 3 10
27 32 0 10
27 33 0 10
38 103 3 10
38 168 3 10
38 158 1 10
38 122 1 10
38 98 3 10
38 99 0 10
38 123 0 10
43 168 1 10
43 159 1 10
43 162 3 10
43 157 2 10
37 150 3 100
37 169 3 100
39 33 3 100
30 142 3 100
5 83 3 100
5 151 3 100
2 158 3 11
2 125 3 11
2 136 1 11
2 162 1 11
3 11 3 11
3 19 1 11
3 7 1 11
3 81 1 11
3 36 3 11
3 37 3 11
3 38 3 11
3 184 1 11
3 54 1 11
5 120 3 11
5 169 3 11
5 158 1 11
5 78 1 11
5 98 3 11
5 99 3 11
5 122 1 11
5 133 1 11
5 137 1 11
12 88 1 11
12 152 1 11
12 169 3 11
12 158 1 11
12 78 1 11
12 97 0 11
12 100 0 11
12 122 0 11
12 133 0 11
15 175 2 11
15 168 1 11
15 158 1 11
15 121 2 11
15 101 3 11
15 123 0 11
15 132 0 11
15 137 0 11
15 163 0 11
18 87 1 11
18 145 2 11
18 152 1 11
18 168 3 11
18 158 1 11
18 96 1 11
18 102 3 11
18 100 3 11
18 121 1 11
28 169 3 11
28 159 3 11
28 76 1 11
28 102 3 11
28 99 3 11
28 122 0 11
28 133 0 11
28 138 0 11
28 162 0 11
29 33 3 11
29 82 3 11
29 184 1 11
29 54 3 11
29 55 3 11
29 68 2 11
29 72 1 11
29 62 1 11
29 58 3 11
30 168 3 11
30 105 3 11
30 97 3 11
30 100 3 11
30 121 1 11
30 132 2 11
30 136 3 11
30 163 1 11
33 169 2 11
33 102 3 11
33 99 3 11
33 121 2 11
33 132 2 11
33 138 0 11
33 162 0 11
34 76 1 11
34 87 1 11
34 119 3 11
34 142 3 11
34 152 1 11
34 169 2 11
34 159 1 11
34 78 1 11
34 97 1 11
39 57 3 11
39 60 3 11
39 76 3 11
39 120 3 11
39 155 3 11
39 143 0 11
39 151 0 11
39 169 0 11
39 159 0 11
41 111 1 11
41 168 3 11
41 78 2 11
41 97 1 11
41 100 1 11
41 122 0 11
41 133 0 11
41 137 0 11
41 162 0 11
1 159 3 11
6 168 3 11
6 157 1 11
44 4 3 11
44 3 3 11
44 15 1 11
44 8 3 11
44 7 1 11
44 12 3 11
44 13 3 11
44 17 3 11
44 9 1 11
9 143 1 11
9 169 1 11
9 158 2 11
9 121 1 11
9 133 1 11
9 137 0 11
9 163 0 11
11 159 3 11
11 121 1 11
11 132 3 11
11 138 3 11
11 163 3 11
13 23 1 11
13 33 1 11
13 37 3 11
13 38 3 11
13 186 3 11
13 54 0 11
13 55 0 11
13 70 0 11
13 72 0 11
14 159 3 11
14 136 3 11
14 162 3 11
16 169 3 11
16 159 3 11
16 76 3 11
16 98 1 11
16 99 3 11
16 122 1 11
16 133 3 11
16 138 1 11
16 162 1 11
17 19 2 11
17 54 3 11
17 71 3 11
17 72 3 11
17 62 3 11
17 58 0 11
17 59 0 11
17 75 0 11
17 83 0 11
20 132 2 11
20 136 1 11
20 163 1 11
21 175 3 11
21 168 3 11
21 158 3 11
21 101 3 11
21 122 3 11
21 133 1 11
21 137 1 11
21 162 1 11
22 168 3 11
22 159 1 11
22 100 3 11
22 122 1 11
22 133 3 11
22 136 0 11
22 162 0 11
24 60 3 11
24 88 3 11
24 112 3 11
24 153 3 11
24 143 1 11
24 151 1 11
24 169 1 11
24 158 1 11
24 76 1 11
25 79 1 11
25 49 1 11
25 72 1 11
25 62 1 11
25 58 3 11
25 59 0 11
25 75 0 11
25 83 0 11
25 84 0 11
27 11 3 11
27 35 1 11
27 39 3 11
27 23 1 11
27 32 3 11
27 33 0 11
27 34 0 11
27 36 0 11
27 37 0 11
38 159 3 11
38 75 2 11
38 101 3 11
38 122 2 11
38 133 1 11
38 138 0 11
38 162 0 11
43 168 3 11
43 159 3 11
4 107 1 11
4 110 1 11
4 12 3 11
4 37 3 11
4 38 3 11
4 185 3 11
4 54 3 11
4 55 3 11
4 70 3 11
8 49 3 11
8 76 2 11
8 89 3 11
8 84 2 11
8 119 3 11
8 155 3 11
8 144 2 11
8 151 1 11
8 168 2 11
19 78 3 11
19 111 1 11
19 150 3 11
19 142 2 11
19 151 2 11
19 169 2 11
19 159 1 11
19 96 1 11
19 97 1 11
23 169 3 11
23 104 3 11
23 99 3 11
23 121 1 11
23 132 3 11
23 138 1 11
23 163 1 11
26 168 1 11
26 96 2 11
26 98 3 11
26 101 3 11
26 121 1 11
26 132 3 11
26 137 3 11
26 163 1 11
31 49 3 11
31 83 3 11
31 84 3 11
31 117 1 11
31 154 1 11
31 144 1 11
31 151 3 11
31 168 1 11
31 159 1 11
32 175 3 11
32 169 3 11
32 158 1 11
32 78 2 11
32 98 1 11
32 101 0 11
32 122 0 11
32 133 0 11
32 137 0 11
36 151 3 11
36 168 2 11
36 158 2 11
36 76 2 11
36 98 3 11
36 100 3 11
36 121 1 11
36 132 3 11
36 137 3 11
37 158 2 11
37 96 1 11
37 102 3 11
37 99 3 11
37 121 1 11
37 132 0 11
37 136 0 11
37 163 0 11
40 169 1 11
40 158 2 11
40 101 3 11
40 121 1 11
40 132 2 11
40 138 2 11
40 163 1 11
42 152 1 11
42 169 2 11
42 159 2 11
42 76 3 11
42 97 1 11
42 100 1 11
42 121 1 11
42 132 1 11
42 138 1 11
22 143 3 100
30 55 3 100
8 62 3 100
17 55 3 100
33 27 3 100
33 83 3 100
33 158 3 100
14 98 3 100
12 143 3 100
1 55 3 100
32 33 3 100
35 16 3 100
35 37 3 100
35 38 3 100
35 21 3 100
35 83 3 100
35 20 3 100
41 145 3 100
41 78 3 100
41 158 3 100
39 34 3 100
21 102 3 100
14 28 3 100
14 83 3 100
38 145 3 100
26 48 3 100
26 81 3 100
4 108 2 12
4 13 3 12
4 72 3 12
4 57 3 12
4 58 3 12
4 59 2 12
4 75 3 12
4 83 3 12
19 113 3 12
19 159 1 12
19 106 1 12
19 102 1 12
19 101 1 12
19 125 1 12
19 133 1 12
19 136 1 12
23 131 1 12
23 137 3 12
23 162 3 12
26 170 3 12
26 123 3 12
26 163 2 12
31 120 3 12
31 150 3 12
31 145 1 12
31 168 1 12
31 159 1 12
31 76 1 12
31 98 1 12
31 100 1 12
32 160 1 12
32 97 1 12
32 99 3 12
32 124 1 12
32 132 3 12
32 138 1 12
32 162 1 12
37 103 3 12
37 131 3 12
37 133 3 12
37 136 1 12
37 162 1 12
40 169 3 12
40 123 3 12
40 163 2 12
23 158 3 100
29 68 3 100
26 78 3 100
26 96 3 100
36 29 3 100
37 158 3 100
2 137 3 12
2 163 3 12
3 19 1 12
3 7 1 12
3 33 3 12
3 185 3 12
3 55 1 12
3 54 3 12
3 70 3 12
3 72 3 12
5 159 1 12
5 96 1 12
5 121 3 12
5 132 3 12
5 138 2 12
5 163 0 12
12 84 1 12
12 175 1 12
12 160 1 12
12 96 1 12
12 98 1 12
12 100 0 12
12 121 0 12
12 132 0 12
15 168 1 12
15 161 1 12
15 75 1 12
15 132 1 12
15 137 1 12
15 162 0 12
18 84 3 12
18 175 1 12
18 159 1 12
18 104 1 12
18 123 1 12
18 133 0 12
18 138 0 12
18 163 0 12
28 78 3 12
28 122 1 12
28 132 3 12
28 136 2 12
28 162 3 12
29 185 1 12
29 72 1 12
29 57 3 12
29 59 3 12
29 75 3 12
29 83 2 12
29 84 1 12
29 117 1 12
30 124 3 12
30 163 2 12
33 137 3 12
33 162 3 12
34 96 1 12
34 88 3 12
34 175 1 12
34 159 1 12
34 103 1 12
34 97 0 12
34 101 0 12
34 122 0 12
35 106 1 12
35 144 1 12
35 168 2 12
35 158 1 12
35 121 1 12
35 125 0 12
35 133 0 12
35 138 0 12
39 145 1 12
39 151 3 12
39 169 1 12
39 158 1 12
39 78 1 12
39 98 0 12
39 99 0 12
39 121 0 12
41 113 3 12
41 97 2 12
41 100 2 12
41 122 1 12
41 132 3 12
41 136 1 12
41 163 1 12
9 142 1 12
9 168 1 12
9 160 1 12
9 121 1 12
9 133 1 12
9 137 0 12
9 162 0 12
11 131 3 12
13 23 3 12
13 33 3 12
13 54 3 12
13 55 3 12
13 70 3 12
13 72 0 12
13 61 0 12
13 58 0 12
16 98 3 12
16 122 1 12
16 138 1 12
16 163 2 12
17 58 1 12
17 59 3 12
17 75 1 12
17 83 1 12
17 84 1 12
17 119 0 12
17 150 0 12
17 143 0 12
20 136 3 12
20 162 3 12
21 123 3 12
21 132 2 12
21 137 3 12
21 163 3 12
22 159 3 12
22 121 1 12
22 138 2 12
22 162 1 12
24 144 2 12
24 152 1 12
24 169 3 12
24 158 1 12
24 78 1 12
24 102 0 12
24 101 0 12
24 122 0 12
25 85 1 12
25 49 1 12
25 72 2 12
25 62 3 12
25 59 3 12
25 75 0 12
25 83 0 12
25 84 0 12
27 110 1 12
27 23 3 12
27 33 1 12
27 34 3 12
27 36 1 12
27 37 0 12
27 38 0 12
27 186 0 12
38 124 3 12
38 133 3 12
38 136 1 12
38 163 1 12
40 158 3 100
40 138 3 100
40 132 3 100
40 142 3 100
40 163 3 100
44 41 1 13
44 16 1 13
44 29 1 13
44 19 1 13
44 18 1 13
44 27 0 13
44 39 0 13
44 23 0 13
9 143 3 13
9 171 3 13
9 122 3 13
9 133 1 13
9 137 1 13
9 163 0 13
13 72 3 13
13 62 2 13
13 58 1 13
13 59 3 13
13 75 3 13
13 83 0 13
13 84 0 13
13 119 0 13
16 125 3 13
16 138 3 13
17 60 3 13
17 76 1 13
17 90 3 13
17 87 1 13
17 120 3 13
17 83 3 13
17 84 1 13
17 119 1 13
22 125 3 13
22 163 3 13
24 157 3 13
24 161 1 13
24 96 1 13
24 102 1 13
24 100 1 13
24 131 0 13
24 132 0 13
24 138 0 13
25 109 1 13
25 49 1 13
25 75 1 13
25 83 3 13
25 84 3 13
25 111 1 13
25 154 3 13
25 145 1 13
27 79 1 13
27 81 1 13
27 36 3 13
27 37 3 13
27 38 3 13
27 186 1 13
27 54 3 13
27 55 2 13
38 138 1 13
38 163 2 13
3 19 1 13
3 7 1 13
3 55 1 13
3 69 3 13
3 61 3 13
3 58 1 13
3 59 3 13
3 75 1 13
5 160 2 13
5 105 3 13
5 163 3 13
12 84 3 13
12 157 3 13
12 161 1 13
12 106 1 13
12 97 1 13
12 101 0 13
12 124 0 13
12 133 0 13
15 169 2 13
15 160 1 13
15 122 1 13
15 133 3 13
15 137 3 13
15 162 1 13
18 157 2 13
18 161 1 13
18 104 3 13
18 131 1 13
18 133 3 13
18 136 0 13
18 163 0 13
28 123 3 13
29 184 3 13
29 72 3 13
29 88 1 13
29 112 3 13
29 155 2 13
29 142 0 13
29 151 0 13
29 168 0 13
34 103 1 13
34 157 3 13
34 161 1 13
34 122 1 13
34 102 1 13
34 99 0 13
34 123 0 13
34 133 0 13
35 106 3 13
35 144 1 13
35 160 1 13
35 122 1 13
35 131 3 13
35 132 3 13
35 137 1 13
35 163 1 13
39 145 2 13
39 168 3 13
39 160 1 13
39 96 1 13
39 97 1 13
39 100 0 13
39 125 0 13
39 132 0 13
41 131 3 13
41 137 3 13
41 163 3 13
4 84 3 13
4 112 3 13
4 150 3 13
4 142 2 13
4 151 3 13
4 168 3 13
4 161 1 13
4 76 3 13
8 152 3 13
8 161 1 13
8 78 1 13
8 97 1 13
8 99 3 13
8 125 0 13
8 133 0 13
8 138 0 13
23 124 3 13
31 143 1 13
31 169 3 13
31 161 1 13
31 78 1 13
31 98 1 13
31 101 0 13
31 125 0 13
31 133 0 13
32 160 1 13
32 97 3 13
32 124 3 13
32 136 3 13
32 162 2 13
36 124 3 13
36 162 3 13
37 136 3 13
37 162 2 13
42 157 2 13
42 102 1 13
42 100 1 13
42 125 1 13
42 133 1 13
42 136 0 13
42 162 0 13
15 16 3 100
15 34 3 100
15 103 3 100
15 175 3 100
4 33 3 100
4 59 3 100
32 49 3 100
32 78 3 100
32 154 3 100
19 38 3 100
19 59 3 100
26 158 3 100
26 163 3 100
29 155 3 100
16 163 3 100
36 158 3 100
36 168 3 100
37 162 3 100
36 76 3 100
36 83 3 100
4 108 3 100
29 83 3 100
18 145 3 100
17 19 3 100
41 97 3 100
41 100 3 100
5 138 3 100
21 33 3 100
21 132 3 100
21 144 3 100
28 33 3 100
28 34 3 100
28 136 3 100
1 151 3 100
30 132 3 100
30 163 3 100
22 138 3 100
33 121 3 100
33 132 3 100
33 169 3 100
8 33 3 100
8 34 3 100
8 60 3 100
8 72 3 100
19 9 3 100
19 151 3 100
19 169 3 100
9 33 3 100
9 100 3 100
9 104 3 100
42 72 3 100
15 169 3 100
14 169 3 100
18 78 3 100
18 157 3 100
34 33 3 100
34 36 3 100
34 27 3 100
36 26 3 100
8 84 3 100
16 28 3 100
39 31 3 100
26 80 3 100
26 117 3 100
38 75 3 100
38 122 3 100
14 36 3 100
8 29 3 100
25 72 3 100
36 43 3 100
29 88 3 14
19 142 3 100
39 145 3 100
31 21 3 100
8 55 3 100
8 168 3 100
8 144 3 100
34 8 3 100
35 168 3 100
42 157 3 100
42 169 3 100
42 150 3 100
20 158 3 100
31 32 3 100
31 34 3 100
20 131 3 100
20 132 3 100
20 142 3 100
31 31 3 100
3 16 3 100
3 27 3 100
3 32 3 100
25 27 3 14
25 49 3 14
25 120 3 14
24 144 3 100
17 87 3 14
17 150 3 14
24 35 3 100
25 107 3 100
1 34 3 100
1 60 3 100
1 83 3 100
3 7 3 14
3 55 3 14
3 60 3 14
3 83 2 14
3 19 1 14
3 76 1 14
3 84 1 14
3 117 1 14
3 19 1 15
3 34 3 15
3 87 3 15
3 119 3 15
3 153 1 15
3 19 1 16
3 143 3 16
3 19 3 17
27 85 3 17
27 33 2 17
27 184 1 17
27 71 3 17
27 72 3 17
27 61 3 17
27 58 3 17
27 59 3 17
27 33 3 100
27 186 3 18
27 75 1 18
27 83 1 18
27 84 2 18
27 111 1 18
27 153 1 18
27 89 3 18
27 154 3 18
27 112 3 18
27 186 3 19
27 83 1 19
27 84 3 19
27 111 1 19
27 153 1 19
